1298279565932900354
1298267213544058885
1298263845320798212
1298258323364405251
1298256212849393664
1298255758027440129
1298253692995399680
1298252102918115328
1298248048506744835
1298247922035970048
1298245254156636161
1298240308308840448
1298239661987573763
1298230417137586177
1298226636115017728
1298221655765004291
1298214719178838016
1298212546646769672
1298206253487984640
1298204812375396353
1298191515408310277
1298191332482007040
1298176670323671042
1298176239836987393
1298140325110788096
1298138751345074176
1298132602377965568
1298121065714126848
1298114474562527238
1298108385850806272
1298107956974813186
1298107618615951361
1298107444548308993
1298098822716035072
1298074920291885056
1298074601226776577
1298073476914438145
1298073309528170496
1298072952236376065
1298067694621609984
1298064623808081920
1298061207216230402
1298056539991871488
1298056358256873474
1298051410668511233
1298041637545758720
1298040868356665345
1298040136450613253
1298038419386400769
1298036077970763776
1298035530744188929
1298032414132822016
1298031737688096768
1298031383814832134
1298028158390808576
1298027952882384896
1298027682882412544
1298025741058277378
1298025514087710723
1298025478587068419
1298023741176283137
1298023617427628033
1298023333741711362
1298023227164368896
1298023109241569290
1298022587369488387
1298022086238248960
1298021649699295233
1298016918167838721
1298014890687438849
1298012392580734976
1298011159501602816
1298009530484297732
1298009421856071685
1298008959874469888
1298008518428106758
1298007995201122311
1298007780608151553
1298007601473400833
1298006187615690752
1298006011282948099
1298005389980717056
1298005244547338241
1298004288434823168
1298002277731635200
1298001999049437188
1298001867071315968
1298001081969106947
1298000495814905857
1298000094533484544
1297999452515508236
1297999126496456704
1297998955268255745
1297998168626429959
1297997843135954944
1297996980107476993
1297996194422181889
1297995034537623552
1297994977725706240
1297993465209397248
1297993190537138177
1297992956885041160
1297991753258217474
1297991559837708289
1297989674271563776
1297988296312795145
1297984102583287809
1297983821426630656
1297983571504910336
1297982634065383424
1297981778016325632
1297980041255690240
1297978643319156737
1297978598062616576
1297977517899313154
1297977092416602115
1297976900896329730
1297976899101249536
1297976251483922442
1297976130893279232
1297975076051197952
1297974983449169920
1297972715790336000
1297971781823877120
1297971583198232576
1297970679598514176
1297970295312089089
1297970097060012034
1297968903642062848
1297967881204969473
1297967678121029637
1297966444819382273
1297966213637832709
1297965540892319744
1297965485477240832
1297964053160235009
1297963672963297281
1297963586422222852
1297962065806540800
1297960848057462784
1297960289191657474
1297959004585496585
1297958057553600522
1297957602513608707
1297956956741816326
1297956203792867331
1297955505927749632
1297953040993927171
1297949907999916033
1297949891369607170
1297949553178472449
1297949060226338816
1297946499586744320
1297946131691798530
1297944643028623362
1297943606364381186
1297940582346743809
1297940245397360640
1297939966794674177
1297939909181931524
1297939872221736961
1297939852378415105
1297939564397572096
1297939543329513472
1297939269990973441
1297939190513119234
1297938566803271680
1297938428311429120
1297938256777170944
1297937932163088386
1297937648888303618
1297937619930820609
1297936368149188608
1297935144389664768
1297934655350611969
1297933203387416578
1297931536139001857
1297928155668283397
1297926835909599234
1297916415878606854
1297910431886061568
1297908630986076166
1297838527095418880
1297754910054731777
1297696965648498689
1297321315615928320
1297029671503224833
1296826595009875974
1296478494055170050
1296466668898717696
1295840249763917824
1295735067227172873
1295490951599677440
1295424750181707777
1295417500453097472
1295358693828042753
1295299423312982017
