1412360883582418945
1408833479304003589
1313590839977947136
1313523086424186881
1298060678432010240
1297973554986639360
1296466668898717696
1259920233600479233
1075778924280471553
995487617549512704
898246334804787202
844552567522820096
760889024403873792
733665498148294657
694224894805032964
686753187727044609
644308060937265152
644307992901517312
644307901830561793
632152536636608512
631931489769390080
631828145105162240
631825643441901568
631825543202213889
631820349290774528
545020559248343040
270661455727165442
146330510422048768
